2274
2275
2272
2273
2278
2279
2276
2277
2282
2283
2280
2281
2286
2287
2284
2285
2290
2291
2288
2289
2294
2295
2292
2293
2298
2299
2296
2297
2302
2303
2300
2301
2242
2243
2240
2241
2246
2247
2244
2245
2250
2251
2248
2249
2254
2255
2252
2253
2258
2259
2256
2257
2262
2263
2260
2261
2266
2267
2264
2265
2270
2271
2268
2269
971
970
969
968
975
974
973
972
963
962
961
960
967
966
965
964
987
986
985
984
991
990
989
988
979
978
977
976
983
982
981
980
1003
1002
1001
1000
1007
1006
1005
1004
995
994
993
992
999
998
997
996
1019
1018
1017
1016
1023
1022
1021
1020
1011
1010
1009
1008
1015
1014
1013
1012
