2509
2508
2511
2510
2505
2504
2507
2506
2501
2500
2503
2502
2497
2496
2499
2498
2525
2524
2527
2526
2521
2520
2523
2522
2517
2516
2519
2518
2513
2512
2515
2514
2541
2540
2543
2542
2537
2536
2539
2538
2533
2532
2535
2534
2529
2528
2531
2530
2557
2556
2559
2558
2553
2552
2555
2554
2549
2548
2551
2550
2545
2544
2547
2546
740
741
742
743
736
737
738
739
748
749
750
751
744
745
746
747
756
757
758
759
752
753
754
755
764
765
766
767
760
761
762
763
708
709
710
711
704
705
706
707
716
717
718
719
712
713
714
715
724
725
726
727
720
721
722
723
732
733
734
735
728
729
730
731
2127
2126
2125
2124
2123
2122
2121
2120
2119
2118
2117
2116
2115
2114
2113
2112
2143
2142
2141
2140
2139
2138
2137
2136
2135
2134
2133
2132
2131
2130
2129
2128
2159
2158
2157
2156
2155
2154
2153
2152
2151
2150
2149
2148
2147
2146
2145
2144
2175
2174
2173
2172
2171
2170
2169
2168
2167
2166
2165
2164
2163
2162
2161
2160
870
871
868
869
866
867
864
865
878
879
876
877
874
875
872
873
886
887
884
885
882
883
880
881
894
895
892
893
890
891
888
889
838
839
836
837
834
835
832
833
846
847
844
845
842
843
840
841
854
855
852
853
850
851
848
849
862
863
860
861
858
859
856
857
1499
1498
1497
1496
1503
1502
1501
1500
1491
1490
1489
1488
1495
1494
1493
1492
1483
1482
1481
1480
1487
1486
1485
1484
1475
1474
1473
1472
1479
1478
1477
1476
1531
1530
1529
1528
1535
1534
1533
1532
1523
1522
1521
1520
1527
1526
1525
1524
1515
1514
1513
1512
1519
1518
1517
1516
1507
1506
1505
1504
1511
1510
1509
1508
3826
3827
3824
3825
3830
3831
3828
3829
3834
3835
3832
3833
3838
3839
3836
3837
3810
3811
3808
3809
3814
3815
3812
3813
3818
3819
3816
3817
3822
3823
3820
3821
3794
3795
3792
3793
3798
3799
3796
3797
3802
3803
3800
3801
3806
3807
3804
3805
3778
3779
3776
3777
3782
3783
3780
3781
3786
3787
3784
3785
3790
3791
3788
3789
1320
1321
1322
1323
1324
1325
1326
1327
1312
1313
1314
1315
1316
1317
1318
1319
1336
1337
1338
1339
1340
1341
1342
1343
1328
1329
1330
1331
1332
1333
1334
1335
1288
1289
1290
1291
1292
1293
1294
1295
1280
1281
1282
1283
1284
1285
1286
1287
1304
1305
1306
1307
1308
1309
1310
1311
1296
1297
1298
1299
1300
1301
1302
1303
3585
3584
3587
3586
3589
3588
3591
3590
3593
3592
3595
3594
3597
3596
3599
3598
3601
3600
3603
3602
3605
3604
3607
3606
3609
3608
3611
3610
3613
3612
3615
3614
3617
3616
3619
3618
3621
3620
3623
3622
3625
3624
3627
3626
3629
3628
3631
3630
3633
3632
3635
3634
3637
3636
3639
3638
3641
3640
3643
3642
3645
3644
3647
3646
